[header]
width=15
height=15
tilewidth=64
tileheight=32

[tilesets]
tileset=grassland_tiles.png,64,32,0,0,1024,1344

[layer]
type=collision
data=
0,0,0,0,0,0,0,0,0,0,0,0,0,0,0,
0,0,0,0,0,0,0,0,0,0,0,0,0,0,0,
0,0,0,0,0,0,0,0,0,0,0,0,0,0,0,
0,0,353,353,0,0,0,0,0,0,0,0,0,0,0,
0,0,353,353,0,0,0,0,0,0,0,0,0,0,0,
0,0,353,353,0,0,0,0,0,0,0,0,0,0,0,
0,0,0,0,0,0,0,0,0,0,0,0,0,0,0,
0,0,0,0,0,0,0,0,0,0,0,0,0,0,0,
0,0,0,0,0,0,0,0,0,0,0,0,0,0,0,
0,0,0,0,0,0,0,0,0,0,0,0,0,0,0,
0,0,0,0,0,0,0,0,0,0,0,0,0,0,0,
0,0,0,0,0,0,0,0,0,0,0,0,0,0,0,
0,0,0,0,0,0,0,0,0,0,0,0,0,0,0,
0,0,0,0,0,0,0,0,0,0,0,0,0,0,0,
0,0,0,0,0,0,0,0,0,0,0,0,0,0,0

[layer]
type=background
data=
10,7,7,7,10,10,10,10,4,4,4,7,1,1,1,
8,7,1,7,8,8,8,4,8,4,4,4,4,1,1,
7,7,1,7,31,19,17,19,20,18,20,17,17,19,18,
7,8,7,420,30,17,18,18,18,20,18,19,18,20,25,
7,7,7,419,5,7,5,5,7,4,4,10,8,1,7,
7,7,417,418,8,5,5,7,7,4,4,10,8,8,7,
1,1,7,1,8,8,8,10,7,7,4,10,10,8,7,
10,1,1,1,8,8,10,3,10,7,10,7,7,7,7,
10,8,7,1,1,8,3,3,3,7,7,10,1,1,4,
10,8,1,7,10,3,3,3,3,10,7,10,10,4,4,
8,8,8,7,7,8,8,3,3,3,3,3,3,4,8,
4,4,4,4,7,8,8,10,10,3,7,10,3,3,1,
4,8,1,1,1,4,4,4,4,3,3,1,4,3,3,
4,1,1,1,1,1,1,7,8,4,3,3,3,3,3,
23,4,1,1,1,1,1,1,1,1,10,3,3,8,3

[layer]
type=object
data=
0,0,0,0,0,0,0,0,0,0,0,0,0,0,0,
0,388,0,0,0,0,0,0,0,0,0,0,0,0,0,
0,387,404,0,0,0,0,0,0,0,0,0,0,0,0,
0,386,403,0,0,0,0,0,0,0,0,0,0,0,0,
0,401,402,0,0,0,0,0,0,0,0,0,0,0,0,
0,0,0,0,0,0,0,0,0,0,0,0,0,0,0,
0,0,0,0,0,0,0,0,0,0,0,0,0,0,0,
0,0,378,0,395,0,0,0,0,0,0,0,0,0,0,
0,377,0,394,0,411,0,428,0,0,0,0,0,0,0,
0,0,393,0,410,0,427,0,444,0,0,0,0,0,0,
0,0,0,409,0,426,0,443,444,460,0,0,0,0,0,
0,0,0,0,425,0,442,0,459,0,0,0,0,0,0,
0,0,0,0,0,441,0,458,0,0,0,0,0,0,0,
0,0,0,0,0,0,457,0,0,0,0,0,0,0,0,
0,0,0,0,0,0,0,0,0,0,0,0,0,0,0